exponential_distribution_lambda
name	avg_wait_time
pd	2299.38, 2293.46, 2293.64, 2296.58, 2308.06, 2287.56, 2300.84, 2318.83, 2346.14, 2379.22, 2479.93, 2708.72, 3027.07, 3311.91, 3596.11,
su	2662.71, 2668.15, 2673.97, 2682.91, 2695.93, 2709.72, 2724.35, 2741.23, 2765.42, 2797.47, 2897.18, 3119.98, 3436.33, 3715.78, 3999.75,
sa	2312.85, 2304.12, 2305.06, 2309.47, 2323.45, 2308.24, 2320.91, 2339.09, 2362.51, 2393.33, 2492.89, 2718.89, 3044.07, 3321.49, 3599.05,
ku	2692.65, 2697.46, 2702.53, 2710.52, 2722.65, 2735.56, 2749.38, 2765.32, 2788.47, 2819.26, 2917.07, 3137.87, 3451.85, 3728.71, 4009.7,
ka	2379.5, 2376.97, 2386.05, 2390.23, 2400.5, 2443.27, 2474.86, 2452.98, 2477.3, 2495.8, 2590.75, 2825.65, 3143.88, 3422.68, 3758.28,
name	avg_real_resource_utilization
pd	0.201717, 0.203733, 0.205984, 0.207983, 0.209625, 0.214075, 0.215732, 0.217345, 0.218976, 0.220596, 0.222203, 0.22237, 0.222354, 0.22268, 0.22301,
su	0.25295, 0.254215, 0.255472, 0.256744, 0.257982, 0.259232, 0.260466, 0.261686, 0.262906, 0.264108, 0.265332, 0.265966, 0.266243, 0.266394, 0.266477,
sa	0.264104, 0.26582, 0.267451, 0.269026, 0.270202, 0.272177, 0.273584, 0.276061, 0.277423, 0.27889, 0.280237, 0.280947, 0.280191, 0.280548, 0.281653,
ku	0.179473, 0.180671, 0.181888, 0.183077, 0.184275, 0.185466, 0.186639, 0.187792, 0.188998, 0.190137, 0.191346, 0.191901, 0.192159, 0.192321, 0.192419,
ka	0.18233, 0.183801, 0.18546, 0.186713, 0.187989, 0.188757, 0.189707, 0.190833, 0.192057, 0.193277, 0.19459, 0.195339, 0.195725, 0.19704, 0.196067,

EDGE_NODE_NUMS
name	avg_wait_time
pd	3071.79, 2746.89, 2449.53, 2293.64, 2462.91, 2527.43, 2446.03, 2297.2, 1890.7, 1680.33, 1310.79, 1150.25, 958.084, 858.057, 785.938,
su	3075.97, 3024.69, 2847.88, 2673.97, 2813.82, 2560.34, 2307.92, 1494.52, 1665.11, 1137.89, 1072.7, 1137.43, 1083.32, 1068.73, 1036.2,
sa	3171.86, 2770.25, 2474.6, 2305.06, 2742.1, 2557.16, 2304.73, 1494.52, 1665.11, 1137.89, 1004.16, 1137.43, 1083.32, 1068.73, 1036.2,
ku	3054.07, 3023.37, 2959.72, 2702.53, 2236.54, 2031.29, 1542.66, 1322.64, 1223.44, 1318.27, 1356.77, 1639.36, 1629.79, 1790.34, 1789.4,
ka	3078.98, 2768.88, 2594.21, 2386.05, 2037.05, 2084.89, 1542.66, 1322.64, 1223.44, 1318.27, 1356.77, 1639.36, 1629.79, 1790.34, 1789.4,
name	avg_real_resource_utilization
pd	0.256254, 0.224353, 0.211199, 0.205984, 0.19144, 0.184995, 0.174684, 0.167977, 0.167852, 0.156838, 0.139648, 0.132692, 0.128102, 0.117032, 0.107132,
su	0.293494, 0.310925, 0.241042, 0.255472, 0.217809, 0.254897, 0.229104, 0.239403, 0.223943, 0.200432, 0.206116, 0.182498, 0.175318, 0.168412, 0.150586,
sa	0.289521, 0.312994, 0.249125, 0.267451, 0.219876, 0.255081, 0.229262, 0.239403, 0.223943, 0.200432, 0.206955, 0.182498, 0.175318, 0.168412, 0.150586,
ku	0.247194, 0.228084, 0.203995, 0.181888, 0.170476, 0.168345, 0.167502, 0.166283, 0.153086, 0.150924, 0.141492, 0.134315, 0.123167, 0.116082, 0.107646,
ka	0.242727, 0.224458, 0.206634, 0.18546, 0.173676, 0.169343, 0.167502, 0.166283, 0.153086, 0.150924, 0.141492, 0.134315, 0.123167, 0.116082, 0.107646,

normal_distribution_stddev
pd	1771.39, 2079.59, 2214.75, 2278.68, 2293.64, 2366.02, 2360.42, 2372.62, 2406.42, 2440.66, 2491.12, 2509.54, 2395.91, 2429.08, 2407.63,
su	2279.74, 2610.59, 2708.67, 2742, 2673.97, 2659.91, 2638.39, 2565.41, 2550.38, 2527.26, 2519.03, 2512.46, 2459.93, 2444.54, 2432.42,
sa	1780.08, 2083.33, 2212.68, 2278.59, 2305.06, 2399.69, 2406.35, 2420.06, 2397.31, 2408.32, 2516.79, 2491.34, 2391.45, 2441.26, 2417.1,
ku	2797.86, 2926.31, 2884.52, 2819.12, 2702.53, 2677.91, 2660.25, 2578.35, 2566.62, 2532.92, 2543.24, 2559.49, 2487.59, 2486.14, 2467.45,
ka	2298.2, 2399.05, 2400.13, 2392.01, 2386.05, 2525.34, 2539.79, 2597.71, 2627.73, 2567.09, 2538.2, 2536.47, 2477.05, 2495.47, 2503.91,
name	avg_real_resource_utilization
pd	0.199965, 0.198527, 0.203049, 0.205493, 0.205984, 0.210071, 0.213102, 0.208937, 0.205095, 0.209862, 0.205252, 0.201129, 0.206674, 0.205726, 0.20254,
su	0.255528, 0.254931, 0.254981, 0.255462, 0.255472, 0.255798, 0.255868, 0.255805, 0.255869, 0.255875, 0.255995, 0.256013, 0.255764, 0.255821, 0.256004,
sa	0.258409, 0.264254, 0.265941, 0.263163, 0.267451, 0.262695, 0.265375, 0.267335, 0.267769, 0.26588, 0.264196, 0.260205, 0.266873, 0.26377, 0.26483,
ku	0.179909, 0.180283, 0.18085, 0.181674, 0.181888, 0.182463, 0.182737, 0.182781, 0.183191, 0.183267, 0.183452, 0.183724, 0.183394, 0.183578, 0.183658,
ka	0.18232, 0.185312, 0.18259, 0.18399, 0.18546, 0.185803, 0.185779, 0.18336, 0.185586, 0.184961, 0.18762, 0.185263, 0.187888, 0.185276, 0.189024,