name	avg_wait_time
pd	2185.71, 2226.34, 2107.74, 2027.76, 2032.28, 2092.18, 2070.86, 2044.74, 2029.03, 2057.28, 2075.76, 2091.5, 2040.34, 2076.49, 2140.7, 2211.3, 2322.93, 2555.7, 3047.72, 3559.33, 4219.63, 4759.26, 5265.78, 5740.24, 6173.1, 6608.23, 7022.24, 7412.38, 7792.48, 8159.43, 8531.94, 9027.36, 9545.51, 10035.3,
su	2993.36, 3000.03, 3006.79, 3013.78, 3022.01, 3032.42, 3044.53, 3059.41, 3075.38, 3092.07, 3110.24, 3132.45, 3158.73, 3188.95, 3221.01, 3256.04, 3304.6, 3376.64, 3471.44, 3586.04, 3755.09, 4063.11, 4479.39, 4990.62, 5581.8, 6157.1, 6700.83, 7226.26, 7738.81, 8230.62, 8722.38, 9328.37, 9949.68, 10539.4,
sa	2412.9, 2319.91, 2235.36, 2243.57, 2084.1, 2090.01, 2002.88, 2073.59, 1936.46, 1947.91, 1956.3, 1966.8, 2043.77, 2001.37, 2001.05, 2040.26, 2062.8, 2103.71, 2128.6, 2190.19, 2238.63, 2388.62, 2645.13, 2990.54, 3424.86, 3856.41, 4273.64, 4666.2, 5047.98, 5418.93, 5784.53, 6279.87, 6824.4, 7332.94,
ku	2836.02, 2847.72, 2861.74, 2877.83, 2897.77, 2921.12, 2946.35, 2976.6, 3011.93, 3057.84, 3114.3, 3180.65, 3257.83, 3366.53, 3526.42, 4011.04, 4565.83, 5237.21, 6145.21, 7147.64, 8158.4, 9226.41, 10293.1, 11297.3, 12277.7, 13269.4, 14242.4, 15175.8, 16071.6, 16916.6, 17714.9, 18470.7, 19187.4, 19875.2,
ka	2308.16, 2368.14, 2228.87, 2196.9, 2126.65, 2078.55, 1984.74, 2099.27, 1979.78, 1999.54, 2024.72, 2047.84, 2076.1, 2137.55, 2175.86, 2249.4, 2346.84, 2601.89, 3097.68, 3719.68, 4325.35, 4884.88, 5420.98, 5933.81, 6427.08, 6956.65, 7526.38, 8062.37, 8590.31, 9081.77, 9563.86, 10133.2, 10675.2, 11200.6,
name	avg_real_resource_utilization
pd	0.114374, 0.11739, 0.121573, 0.124722, 0.124806, 0.125768, 0.124435, 0.125028, 0.125621, 0.126681, 0.127762, 0.135443, 0.129876, 0.130998, 0.132328, 0.133521, 0.134599, 0.135332, 0.133796, 0.147359, 0.135006, 0.135977, 0.135873, 0.135929, 0.146847, 0.138626, 0.136544, 0.135644, 0.135595, 0.135543, 0.135576, 0.136807, 0.136855, 0.13574,
su	0.274597, 0.275881, 0.277113, 0.278393, 0.279631, 0.280876, 0.282135, 0.283344, 0.284603, 0.28581, 0.287068, 0.2883, 0.289502, 0.290732, 0.291945, 0.293153, 0.294382, 0.295555, 0.296756, 0.297789, 0.298387, 0.298423, 0.298456, 0.298481, 0.298502, 0.298546, 0.298539, 0.298507, 0.298518, 0.298541, 0.298508, 0.298478, 0.298479, 0.298418,
sa	0.24262, 0.242787, 0.249475, 0.247183, 0.250955, 0.252597, 0.254228, 0.250391, 0.260918, 0.262126, 0.263086, 0.264656, 0.268231, 0.264694, 0.272542, 0.274381, 0.275688, 0.276794, 0.27669, 0.282455, 0.277012, 0.283162, 0.27489, 0.276497, 0.276269, 0.275864, 0.262833, 0.262908, 0.263059, 0.264141, 0.276609, 0.276687, 0.261314, 0.265835,
ku	0.195543, 0.197102, 0.198617, 0.200172, 0.201663, 0.203183, 0.204707, 0.206193, 0.207699, 0.209183, 0.21066, 0.212016, 0.213272, 0.214557, 0.215799, 0.21625, 0.216543, 0.216688, 0.216915, 0.217091, 0.217253, 0.217361, 0.217387, 0.217396, 0.217397, 0.217418, 0.217348, 0.217326, 0.217362, 0.21737, 0.217343, 0.217323, 0.217331, 0.217301,
ka	0.142937, 0.145594, 0.148167, 0.147263, 0.14924, 0.15001, 0.155251, 0.154254, 0.154076, 0.155145, 0.156162, 0.157282, 0.158325, 0.160205, 0.158172, 0.162358, 0.164581, 0.163969, 0.167718, 0.167669, 0.167592, 0.163054, 0.162305, 0.175115, 0.175141, 0.177701, 0.180505, 0.180431, 0.176787, 0.176328, 0.176133, 0.176002, 0.188676, 0.188604,



name	avg_wait_time
pd	2768.69, 2354.49, 2191.95, 2185.71, 2087.93, 1880.38, 1757.34, 1503.06, 1500.74, 1465.49, 1352.83, 1193.98, 1115.78, 1086.08, 1097.17, 1063.55, 1037.94,
su	3388.65, 3016.52, 2873.97, 2993.36, 2767.97, 2576.17, 2073.9, 1788.26, 1517.65, 1419.19, 1382.64, 1349.39, 1348.29, 1318.47, 1313.77, 1303.08, 1301.1,
sa	2839.95, 2517.83, 2426.94, 2412.9, 2105.15, 1935.46, 1755.62, 1396.43, 1357, 1196.5, 1228.03, 1107.24, 1142.39, 1082.22, 1091.46, 1076.12, 1076.72,
ku	3303.87, 3054.51, 3008.6, 2836.02, 2353.61, 2197.22, 1864.43, 1731.17, 1464.37, 1731.77, 1621.1, 1929.72, 1928.26, 2063.82, 2061.44, 2096.79, 2096.73,
ka	2811.66, 2573.13, 2545.42, 2309.46, 2089.86, 1966.4, 1659.26, 1497.98, 1377.85, 1367.03, 1299.88, 1425.75, 1424.28, 1509.47, 1507.1, 1534, 1533.94,
name	avg_real_resource_utilization
pd	0.212027, 0.203303, 0.166778, 0.114374, 0.0816839, 0.123615, 0.149683, 0.138593, 0.10306, 0.0771075, 0.0738117, 0.0716671, 0.0699368, 0.0699438, 0.0674526, 0.0674771, 0.0666075,
su	0.26903, 0.308025, 0.29647, 0.274597, 0.263773, 0.260895, 0.248918, 0.247879, 0.241914, 0.231653, 0.22242, 0.222454, 0.211998, 0.207321, 0.18899, 0.181889, 0.169847,
sa	0.249951, 0.272159, 0.246696, 0.24262, 0.238445, 0.239314, 0.22747, 0.233782, 0.226283, 0.223191, 0.213639, 0.214595, 0.207206, 0.203226, 0.184638, 0.177797, 0.165918,
ku	0.240968, 0.266031, 0.208963, 0.195543, 0.188331, 0.184668, 0.175967, 0.168932, 0.158899, 0.160016, 0.145728, 0.138587, 0.126344, 0.120341, 0.110743, 0.105868, 0.0990164,
ka	0.224085, 0.216804, 0.149729, 0.14276, 0.157717, 0.147378, 0.138709, 0.129256, 0.124182, 0.118992, 0.113397, 0.108263, 0.100795, 0.0926679, 0.0849146, 0.0815456, 0.0761246,

name	avg_wait_time
pd	1974.01, 2025.34, 2222.11, 2185.71, 2314.81, 2334.92, 2389.7, 2412.29, 2427.93, 2463.17, 2467.05, 2601.49, 2461.24, 2491.44, 2545.04, 2503.49, 2505.93,
su	3061.19, 3034.28, 3038.91, 2993.36, 2930.54, 2897.82, 2863.81, 2802.35, 2762.54, 2754.05, 2722.72, 2737.21, 2706.02, 2652.88, 2662.76, 2653.69, 2623.02,
sa	1917.94, 2104, 2154.8, 2329.69, 2422.87, 2550.19, 2589.49, 2635.89, 2589.22, 2610.81, 2627.15, 2740.44, 2708.7, 2660.12, 2707.45, 2687.79, 2628.53,
ku	3145.86, 2977.95, 2913.6, 2836.02, 2771.59, 2734.97, 2730.54, 2669.16, 2633.36, 2631.8, 2613.57, 2663.36, 2601.36, 2570.31, 2597.47, 2578.11, 2557.3,
ka	2123.2, 2020.45, 2223.71, 2308.16, 2457.69, 2575.84, 2516.08, 2503.01, 2440.05, 2498.8, 2499.73, 2554.44, 2497.7, 2486.82, 2488.9, 2503.56, 2476.71,
name	avg_real_resource_utilization
pd	0.117157, 0.116638, 0.114183, 0.114374, 0.115513, 0.115817, 0.115727, 0.117971, 0.117465, 0.117669, 0.112769, 0.1011, 0.11684, 0.115125, 0.108278, 0.111889, 0.115097,
su	0.272275, 0.272677, 0.273692, 0.274597, 0.275262, 0.275936, 0.276166, 0.276325, 0.276538, 0.27725, 0.277626, 0.277609, 0.278214, 0.278068, 0.278188, 0.277893, 0.278063,
sa	0.258657, 0.258013, 0.257261, 0.250965, 0.244407, 0.247245, 0.238166, 0.223335, 0.235172, 0.225914, 0.230111, 0.220366, 0.217835, 0.216848, 0.217665, 0.225553, 0.230285,
ku	0.191569, 0.194313, 0.195073, 0.195543, 0.195424, 0.195583, 0.195608, 0.19513, 0.195388, 0.195239, 0.195423, 0.195455, 0.195026, 0.195173, 0.195521, 0.195162, 0.195369,
ka	0.161165, 0.160842, 0.15707, 0.142937, 0.143574, 0.148337, 0.149218, 0.149085, 0.147879, 0.153116, 0.153382, 0.150794, 0.150172, 0.150629, 0.149901, 0.1563, 0.150724,